0.07599998 -0.324 0.4299999 0.516 -0.224 -0.046 -0.29
-0.254 -0.632 -0.546 -0.264 0.3660001 0.728 0.918
-0.83 -0.556 0.5319999 -0.948 0.398 0.826 0.178
0.296 0.818 -0.176 -0.75 0.998 -0.376 -0.226
0.112 -0.338 0.4579999 -0.938 0.48 0.624 0.156
0.7079999 -0.566 0.296 0.02999997 0.02400005 0.206 0.74
-0.02399999 0.1900001 0.806 0.852 0.646 -0.858 -0.664
0.592 -0.31 0.852 -0.668 0.564 -0.73 -0.928
-0.642 0.8380001 -0.6 0.418 0.622 -0.302 0.482
-0.854 0.8660001 -0.02200001 -0.326 -0.06800002 -0.538 0.124
